0 0.942455819705
1 0.942455819705
2 0.942455819705
3 0.942455819705
4 0.788938145548
5 0.788938145548
6 0.788938145548
7 0.788938145548
8 0.788938145548
9 0.788938145548
10 0.788938145548
11 0.788938145548
12 0.586600894435
13 0.586600894435
14 0.586600894435
15 0.586600894435
16 0.586600894435
17 0.586600894435
18 0.586600894435
19 0.586600894435
20 0.586600894435
21 0.586600894435
22 0.586600894435
23 0.586600894435
24 0.387395936305
25 0.387395936305
26 0.387395936305
27 0.387395936305
28 0.387395936305
29 0.387395936305
30 0.387395936305
31 0.387395936305
32 0.387395936305
33 0.387395936305
34 0.387395936305
35 0.387395936305
36 0.387395936305
37 0.387395936305
38 0.387395936305
39 0.387395936305
40 0.227233648081
41 0.227233648081
42 0.227233648081
43 0.227233648081
44 0.227233648081
45 0.227233648081
46 0.227233648081
47 0.227233648081
48 0.227233648081
49 0.227233648081
50 0.227233648081
51 0.227233648081
52 0.227233648081
53 0.227233648081
54 0.227233648081
55 0.227233648081
56 0.227233648081
57 0.227233648081
58 0.227233648081
59 0.227233648081
60 0.118382097302
61 0.118382097302
62 0.118382097302
63 0.118382097302
64 0.118382097302
65 0.118382097302
66 0.118382097302
67 0.118382097302
68 0.118382097302
69 0.118382097302
70 0.118382097302
71 0.118382097302
72 0.118382097302
73 0.118382097302
74 0.118382097302
75 0.118382097302
76 0.118382097302
77 0.118382097302
78 0.118382097302
79 0.118382097302
80 0.118382097302
81 0.118382097302
82 0.118382097302
83 0.118382097302
84 0.0547751653885
85 0.0547751653885
86 0.0547751653885
87 0.0547751653885
88 0.0547751653885
89 0.0547751653885
90 0.0547751653885
91 0.0547751653885
92 0.0547751653885
93 0.0547751653885
94 0.0547751653885
95 0.0547751653885
96 0.0547751653885
97 0.0547751653885
98 0.0547751653885
99 0.0547751653885
100 0.0547751653885
101 0.0547751653885
102 0.0547751653885
103 0.0547751653885
104 0.0547751653885
105 0.0547751653885
106 0.0547751653885
107 0.0547751653885
108 0.0547751653885
109 0.0547751653885
110 0.0547751653885
111 0.0547751653885
112 0.0225087829298
113 0.0225087829298
114 0.0225087829298
115 0.0225087829298
116 0.0225087829298
117 0.0225087829298
118 0.0225087829298
119 0.0225087829298
120 0.0225087829298
121 0.0225087829298
122 0.0225087829298
123 0.0225087829298
124 0.0225087829298
125 0.0225087829298
126 0.0225087829298
127 0.0225087829298
128 0.0225087829298
129 0.0225087829298
130 0.0225087829298
131 0.0225087829298
132 0.0225087829298
133 0.0225087829298
134 0.0225087829298
135 0.0225087829298
136 0.0225087829298
137 0.0225087829298
138 0.0225087829298
139 0.0225087829298
140 0.0225087829298
141 0.0225087829298
142 0.0225087829298
143 0.0225087829298
144 0.00821438855529
145 0.00821438855529
146 0.00821438855529
147 0.00821438855529
148 0.00821438855529
149 0.00821438855529
150 0.00821438855529
151 0.00821438855529
152 0.00821438855529
153 0.00821438855529
154 0.00821438855529
155 0.00821438855529
156 0.00821438855529
157 0.00821438855529
158 0.00821438855529
159 0.00821438855529
160 0.00821438855529
161 0.00821438855529
162 0.00821438855529
163 0.00821438855529
164 0.00821438855529
165 0.00821438855529
166 0.00821438855529
167 0.00821438855529
168 0.00821438855529
169 0.00821438855529
170 0.00821438855529
171 0.00821438855529
172 0.00821438855529
173 0.00821438855529
174 0.00821438855529
175 0.00821438855529
176 0.00821438855529
177 0.00821438855529
178 0.00821438855529
179 0.00821438855529
180 0.00266216852678
181 0.00266216852678
182 0.00266216852678
183 0.00266216852678
184 0.00266216852678
185 0.00266216852678
186 0.00266216852678
187 0.00266216852678
188 0.00266216852678
189 0.00266216852678
190 0.00266216852678
191 0.00266216852678
192 0.00266216852678
193 0.00266216852678
194 0.00266216852678
195 0.00266216852678
196 0.00266216852678
197 0.00266216852678
198 0.00266216852678
199 0.00266216852678
200 0.00266216852678
201 0.00266216852678
202 0.00266216852678
203 0.00266216852678
204 0.00266216852678
205 0.00266216852678
206 0.00266216852678
207 0.00266216852678
208 0.00266216852678
209 0.00266216852678
210 0.00266216852678
211 0.00266216852678
212 0.00266216852678
213 0.00266216852678
214 0.00266216852678
215 0.00266216852678
216 0.00266216852678
217 0.00266216852678
218 0.00266216852678
219 0.00266216852678
220 0.000766148530853
221 0.000766148530853
222 0.000766148530853
223 0.000766148530853
224 0.000766148530853
225 0.000766148530853
226 0.000766148530853
227 0.000766148530853
228 0.000766148530853
229 0.000766148530853
230 0.000766148530853
231 0.000766148530853
232 0.000766148530853
233 0.000766148530853
234 0.000766148530853
235 0.000766148530853
236 0.000766148530853
237 0.000766148530853
238 0.000766148530853
239 0.000766148530853
240 0.000766148530853
241 0.000766148530853
242 0.000766148530853
243 0.000766148530853
244 0.000766148530853
245 0.000766148530853
246 0.000766148530853
247 0.000766148530853
248 0.000766148530853
249 0.000766148530853
250 0.000766148530853
251 0.000766148530853
252 0.000766148530853
253 0.000766148530853
254 0.000766148530853
255 0.000766148530853
256 0.000766148530853
257 0.000766148530853
258 0.000766148530853
259 0.000766148530853
260 0.000766148530853
261 0.000766148530853
262 0.000766148530853
263 0.000766148530853
264 0.000195787728163
265 0.000195787728163
266 0.000195787728163
267 0.000195787728163
268 0.000195787728163
269 0.000195787728163
270 0.000195787728163
271 0.000195787728163
272 0.000195787728163
273 0.000195787728163
274 0.000195787728163
275 0.000195787728163
276 0.000195787728163
277 0.000195787728163
278 0.000195787728163
279 0.000195787728163
280 0.000195787728163
281 0.000195787728163
282 0.000195787728163
283 0.000195787728163
284 0.000195787728163
285 0.000195787728163
286 0.000195787728163
287 0.000195787728163
288 0.000195787728163
289 0.000195787728163
290 0.000195787728163
291 0.000195787728163
292 0.000195787728163
293 0.000195787728163
294 0.000195787728163
295 0.000195787728163
296 0.000195787728163
297 0.000195787728163
298 0.000195787728163
299 0.000195787728163
300 0.000195787728163
301 0.000195787728163
302 0.000195787728163
303 0.000195787728163
304 0.000195787728163
305 0.000195787728163
306 0.000195787728163
307 0.000195787728163
308 0.000195787728163
309 0.000195787728163
310 0.000195787728163
311 0.000195787728163
312 4.44251446984e-05
313 4.44251446984e-05
314 4.44251446984e-05
315 4.44251446984e-05
316 4.44251446984e-05
317 4.44251446984e-05
318 4.44251446984e-05
319 4.44251446984e-05
320 4.44251446984e-05
321 4.44251446984e-05
322 4.44251446984e-05
323 4.44251446984e-05
324 4.44251446984e-05
325 4.44251446984e-05
326 4.44251446984e-05
327 4.44251446984e-05
328 4.44251446984e-05
329 4.44251446984e-05
330 4.44251446984e-05
331 4.44251446984e-05
332 4.44251446984e-05
333 4.44251446984e-05
334 4.44251446984e-05
335 4.44251446984e-05
336 4.44251446984e-05
337 4.44251446984e-05
338 4.44251446984e-05
339 4.44251446984e-05
340 4.44251446984e-05
341 4.44251446984e-05
342 4.44251446984e-05
343 4.44251446984e-05
344 4.44251446984e-05
345 4.44251446984e-05
346 4.44251446984e-05
347 4.44251446984e-05
348 4.44251446984e-05
349 4.44251446984e-05
350 4.44251446984e-05
351 4.44251446984e-05
352 4.44251446984e-05
353 4.44251446984e-05
354 4.44251446984e-05
355 4.44251446984e-05
356 4.44251446984e-05
357 4.44251446984e-05
358 4.44251446984e-05
359 4.44251446984e-05
360 4.44251446984e-05
361 4.44251446984e-05
362 4.44251446984e-05
363 4.44251446984e-05
364 8.94987212651e-06
365 8.94987212651e-06
366 8.94987212651e-06
367 8.94987212651e-06
368 8.94987212651e-06
369 8.94987212651e-06
370 8.94987212651e-06
371 8.94987212651e-06
372 8.94987212651e-06
373 8.94987212651e-06
374 8.94987212651e-06
375 8.94987212651e-06
376 8.94987212651e-06
377 8.94987212651e-06
378 8.94987212651e-06
379 8.94987212651e-06
380 8.94987212651e-06
381 8.94987212651e-06
382 8.94987212651e-06
383 8.94987212651e-06
384 8.94987212651e-06
385 8.94987212651e-06
386 8.94987212651e-06
387 8.94987212651e-06
388 8.94987212651e-06
389 8.94987212651e-06
390 8.94987212651e-06
391 8.94987212651e-06
392 8.94987212651e-06
393 8.94987212651e-06
394 8.94987212651e-06
395 8.94987212651e-06
396 8.94987212651e-06
397 8.94987212651e-06
398 8.94987212651e-06
399 8.94987212651e-06
400 8.94987212651e-06
401 8.94987212651e-06
402 8.94987212651e-06
403 8.94987212651e-06
404 8.94987212651e-06
405 8.94987212651e-06
406 8.94987212651e-06
407 8.94987212651e-06
408 8.94987212651e-06
409 8.94987212651e-06
410 8.94987212651e-06
411 8.94987212651e-06
412 8.94987212651e-06
413 8.94987212651e-06
414 8.94987212651e-06
415 8.94987212651e-06
416 8.94987212651e-06
417 8.94987212651e-06
418 8.94987212651e-06
419 8.94987212651e-06
420 1.60074069619e-06
421 1.60074069619e-06
422 1.60074069619e-06
423 1.60074069619e-06
424 1.60074069619e-06
425 1.60074069619e-06
426 1.60074069619e-06
427 1.60074069619e-06
428 1.60074069619e-06
429 1.60074069619e-06
430 1.60074069619e-06
431 1.60074069619e-06
432 1.60074069619e-06
433 1.60074069619e-06
434 1.60074069619e-06
435 1.60074069619e-06
436 1.60074069619e-06
437 1.60074069619e-06
438 1.60074069619e-06
439 1.60074069619e-06
440 1.60074069619e-06
441 1.60074069619e-06
442 1.60074069619e-06
443 1.60074069619e-06
444 1.60074069619e-06
445 1.60074069619e-06
446 1.60074069619e-06
447 1.60074069619e-06
448 1.60074069619e-06
449 1.60074069619e-06
450 1.60074069619e-06
451 1.60074069619e-06
452 1.60074069619e-06
453 1.60074069619e-06
454 1.60074069619e-06
455 1.60074069619e-06
456 1.60074069619e-06
457 1.60074069619e-06
458 1.60074069619e-06
459 1.60074069619e-06
460 1.60074069619e-06
461 1.60074069619e-06
462 1.60074069619e-06
463 1.60074069619e-06
464 1.60074069619e-06
465 1.60074069619e-06
466 1.60074069619e-06
467 1.60074069619e-06
468 1.60074069619e-06
469 1.60074069619e-06
470 1.60074069619e-06
471 1.60074069619e-06
472 1.60074069619e-06
473 1.60074069619e-06
474 1.60074069619e-06
475 1.60074069619e-06
476 1.60074069619e-06
477 1.60074069619e-06
478 1.60074069619e-06
479 1.60074069619e-06
480 2.54162089573e-07
481 2.54162089573e-07
482 2.54162089573e-07
483 2.54162089573e-07
484 2.54162089573e-07
485 2.54162089573e-07
486 2.54162089573e-07
487 2.54162089573e-07
488 2.54162089573e-07
489 2.54162089573e-07
490 2.54162089573e-07
491 2.54162089573e-07
492 2.54162089573e-07
493 2.54162089573e-07
494 2.54162089573e-07
495 2.54162089573e-07
496 2.54162089573e-07
497 2.54162089573e-07
498 2.54162089573e-07
499 2.54162089573e-07
500 2.54162089573e-07
501 2.54162089573e-07
502 2.54162089573e-07
503 2.54162089573e-07
504 2.54162089573e-07
505 2.54162089573e-07
506 2.54162089573e-07
507 2.54162089573e-07
508 2.54162089573e-07
509 2.54162089573e-07
510 2.54162089573e-07
511 2.54162089573e-07
512 2.54162089573e-07
513 2.54162089573e-07
514 2.54162089573e-07
515 2.54162089573e-07
516 2.54162089573e-07
517 2.54162089573e-07
518 2.54162089573e-07
519 2.54162089573e-07
520 2.54162089573e-07
521 2.54162089573e-07
522 2.54162089573e-07
523 2.54162089573e-07
524 2.54162089573e-07
525 2.54162089573e-07
526 2.54162089573e-07
527 2.54162089573e-07
528 2.54162089573e-07
529 2.54162089573e-07
530 2.54162089573e-07
531 2.54162089573e-07
532 2.54162089573e-07
533 2.54162089573e-07
534 2.54162089573e-07
535 2.54162089573e-07
536 2.54162089573e-07
537 2.54162089573e-07
538 2.54162089573e-07
539 2.54162089573e-07
540 2.54162089573e-07
541 2.54162089573e-07
542 2.54162089573e-07
543 2.54162089573e-07
544 3.58223034389e-08
545 3.58223034389e-08
546 3.58223034389e-08
547 3.58223034389e-08
548 3.58223034389e-08
549 3.58223034389e-08
550 3.58223034389e-08
551 3.58223034389e-08
552 3.58223034389e-08
553 3.58223034389e-08
554 3.58223034389e-08
555 3.58223034389e-08
556 3.58223034389e-08
557 3.58223034389e-08
558 3.58223034389e-08
559 3.58223034389e-08
560 3.58223034389e-08
561 3.58223034389e-08
562 3.58223034389e-08
563 3.58223034389e-08
564 3.58223034389e-08
565 3.58223034389e-08
566 3.58223034389e-08
567 3.58223034389e-08
568 3.58223034389e-08
569 3.58223034389e-08
570 3.58223034389e-08
571 3.58223034389e-08
572 3.58223034389e-08
573 3.58223034389e-08
574 3.58223034389e-08
575 3.58223034389e-08
576 3.58223034389e-08
577 3.58223034389e-08
578 3.58223034389e-08
579 3.58223034389e-08
580 3.58223034389e-08
581 3.58223034389e-08
582 3.58223034389e-08
583 3.58223034389e-08
584 3.58223034389e-08
585 3.58223034389e-08
586 3.58223034389e-08
587 3.58223034389e-08
588 3.58223034389e-08
589 3.58223034389e-08
590 3.58223034389e-08
591 3.58223034389e-08
592 3.58223034389e-08
593 3.58223034389e-08
594 3.58223034389e-08
595 3.58223034389e-08
596 3.58223034389e-08
597 3.58223034389e-08
598 3.58223034389e-08
599 3.58223034389e-08
600 3.58223034389e-08
601 3.58223034389e-08
602 3.58223034389e-08
603 3.58223034389e-08
604 3.58223034389e-08
605 3.58223034389e-08
606 3.58223034389e-08
607 3.58223034389e-08
608 3.58223034389e-08
609 3.58223034389e-08
610 3.58223034389e-08
611 3.58223034389e-08
612 4.48140686878e-09
613 4.48140686878e-09
614 4.48140686878e-09
615 4.48140686878e-09
616 4.48140686878e-09
617 4.48140686878e-09
618 4.48140686878e-09
619 4.48140686878e-09
620 4.48140686878e-09
621 4.48140686878e-09
622 4.48140686878e-09
623 4.48140686878e-09
624 4.48140686878e-09
625 4.48140686878e-09
626 4.48140686878e-09
627 4.48140686878e-09
628 4.48140686878e-09
629 4.48140686878e-09
630 4.48140686878e-09
631 4.48140686878e-09
632 4.48140686878e-09
633 4.48140686878e-09
634 4.48140686878e-09
635 4.48140686878e-09
636 4.48140686878e-09
637 4.48140686878e-09
638 4.48140686878e-09
639 4.48140686878e-09
640 4.48140686878e-09
641 4.48140686878e-09
642 4.48140686878e-09
643 4.48140686878e-09
644 4.48140686878e-09
645 4.48140686878e-09
646 4.48140686878e-09
647 4.48140686878e-09
648 4.48140686878e-09
649 4.48140686878e-09
650 4.48140686878e-09
651 4.48140686878e-09
652 4.48140686878e-09
653 4.48140686878e-09
654 4.48140686878e-09
655 4.48140686878e-09
656 4.48140686878e-09
657 4.48140686878e-09
658 4.48140686878e-09
659 4.48140686878e-09
660 4.48140686878e-09
661 4.48140686878e-09
662 4.48140686878e-09
663 4.48140686878e-09
664 4.48140686878e-09
665 4.48140686878e-09
666 4.48140686878e-09
667 4.48140686878e-09
668 4.48140686878e-09
669 4.48140686878e-09
670 4.48140686878e-09
671 4.48140686878e-09
672 4.48140686878e-09
673 4.48140686878e-09
674 4.48140686878e-09
675 4.48140686878e-09
676 4.48140686878e-09
677 4.48140686878e-09
678 4.48140686878e-09
679 4.48140686878e-09
680 4.48140686878e-09
681 4.48140686878e-09
682 4.48140686878e-09
683 4.48140686878e-09
684 4.97572546987e-10
685 4.97572546987e-10
686 4.97572546987e-10
687 4.97572546987e-10
688 4.97572546987e-10
689 4.97572546987e-10
690 4.97572546987e-10
691 4.97572546987e-10
692 4.97572546987e-10
693 4.97572546987e-10
694 4.97572546987e-10
695 4.97572546987e-10
696 4.97572546987e-10
697 4.97572546987e-10
698 4.97572546987e-10
699 4.97572546987e-10
700 4.97572546987e-10
701 4.97572546987e-10
702 4.97572546987e-10
703 4.97572546987e-10
704 4.97572546987e-10
705 4.97572546987e-10
706 4.97572546987e-10
707 4.97572546987e-10
708 4.97572546987e-10
709 4.97572546987e-10
710 4.97572546987e-10
711 4.97572546987e-10
712 4.97572546987e-10
713 4.97572546987e-10
714 4.97572546987e-10
715 4.97572546987e-10
716 4.97572546987e-10
717 4.97572546987e-10
718 4.97572546987e-10
719 4.97572546987e-10
720 4.97572546987e-10
721 4.97572546987e-10
722 4.97572546987e-10
723 4.97572546987e-10
724 4.97572546987e-10
725 4.97572546987e-10
726 4.97572546987e-10
727 4.97572546987e-10
728 4.97572546987e-10
729 4.97572546987e-10
730 4.97572546987e-10
731 4.97572546987e-10
732 4.97572546987e-10
733 4.97572546987e-10
734 4.97572546987e-10
735 4.97572546987e-10
736 4.97572546987e-10
737 4.97572546987e-10
738 4.97572546987e-10
739 4.97572546987e-10
740 4.97572546987e-10
741 4.97572546987e-10
742 4.97572546987e-10
743 4.97572546987e-10
744 4.97572546987e-10
745 4.97572546987e-10
746 4.97572546987e-10
747 4.97572546987e-10
748 4.97572546987e-10
749 4.97572546987e-10
750 4.97572546987e-10
751 4.97572546987e-10
752 4.97572546987e-10
753 4.97572546987e-10
754 4.97572546987e-10
755 4.97572546987e-10
756 4.97572546987e-10
757 4.97572546987e-10
758 4.97572546987e-10
759 4.97572546987e-10
760 4.90275848683e-11
761 4.90275848683e-11
762 4.90275848683e-11
763 4.90275848683e-11
764 4.90275848683e-11
765 4.90275848683e-11
766 4.90275848683e-11
767 4.90275848683e-11
768 4.90275848683e-11
769 4.90275848683e-11
770 4.90275848683e-11
771 4.90275848683e-11
772 4.90275848683e-11
773 4.90275848683e-11
774 4.90275848683e-11
775 4.90275848683e-11
776 4.90275848683e-11
777 4.90275848683e-11
778 4.90275848683e-11
779 4.90275848683e-11
780 4.90275848683e-11
781 4.90275848683e-11
782 4.90275848683e-11
783 4.90275848683e-11
784 4.90275848683e-11
785 4.90275848683e-11
786 4.90275848683e-11
787 4.90275848683e-11
788 4.90275848683e-11
789 4.90275848683e-11
790 4.90275848683e-11
791 4.90275848683e-11
792 4.90275848683e-11
793 4.90275848683e-11
794 4.90275848683e-11
795 4.90275848683e-11
796 4.90275848683e-11
797 4.90275848683e-11
798 4.90275848683e-11
799 4.90275848683e-11
800 4.90275848683e-11
801 4.90275848683e-11
802 4.90275848683e-11
803 4.90275848683e-11
804 4.90275848683e-11
805 4.90275848683e-11
806 4.90275848683e-11
807 4.90275848683e-11
808 4.90275848683e-11
809 4.90275848683e-11
810 4.90275848683e-11
811 4.90275848683e-11
812 4.90275848683e-11
813 4.90275848683e-11
814 4.90275848683e-11
815 4.90275848683e-11
816 4.90275848683e-11
817 4.90275848683e-11
818 4.90275848683e-11
819 4.90275848683e-11
820 4.90275848683e-11
821 4.90275848683e-11
822 4.90275848683e-11
823 4.90275848683e-11
824 4.90275848683e-11
825 4.90275848683e-11
826 4.90275848683e-11
827 4.90275848683e-11
828 4.90275848683e-11
829 4.90275848683e-11
830 4.90275848683e-11
831 4.90275848683e-11
832 4.90275848683e-11
833 4.90275848683e-11
834 4.90275848683e-11
835 4.90275848683e-11
836 4.90275848683e-11
837 4.90275848683e-11
838 4.90275848683e-11
839 4.90275848683e-11
840 4.28672252936e-12
841 4.28672252936e-12
842 4.28672252936e-12
843 4.28672252936e-12
844 4.28672252936e-12
845 4.28672252936e-12
846 4.28672252936e-12
847 4.28672252936e-12
848 4.28672252936e-12
849 4.28672252936e-12
850 4.28672252936e-12
851 4.28672252936e-12
852 4.28672252936e-12
853 4.28672252936e-12
854 4.28672252936e-12
855 4.28672252936e-12
856 4.28672252936e-12
857 4.28672252936e-12
858 4.28672252936e-12
859 4.28672252936e-12
860 4.28672252936e-12
861 4.28672252936e-12
862 4.28672252936e-12
863 4.28672252936e-12
864 4.28672252936e-12
865 4.28672252936e-12
866 4.28672252936e-12
867 4.28672252936e-12
868 4.28672252936e-12
869 4.28672252936e-12
870 4.28672252936e-12
871 4.28672252936e-12
872 4.28672252936e-12
873 4.28672252936e-12
874 4.28672252936e-12
875 4.28672252936e-12
876 4.28672252936e-12
877 4.28672252936e-12
878 4.28672252936e-12
879 4.28672252936e-12
880 4.28672252936e-12
881 4.28672252936e-12
882 4.28672252936e-12
883 4.28672252936e-12
884 4.28672252936e-12
885 4.28672252936e-12
886 4.28672252936e-12
887 4.28672252936e-12
888 4.28672252936e-12
889 4.28672252936e-12
890 4.28672252936e-12
891 4.28672252936e-12
892 4.28672252936e-12
893 4.28672252936e-12
894 4.28672252936e-12
895 4.28672252936e-12
896 4.28672252936e-12
897 4.28672252936e-12
898 4.28672252936e-12
899 4.28672252936e-12
900 4.28672252936e-12
901 4.28672252936e-12
902 4.28672252936e-12
903 4.28672252936e-12
904 4.28672252936e-12
905 4.28672252936e-12
906 4.28672252936e-12
907 4.28672252936e-12
908 4.28672252936e-12
909 4.28672252936e-12
910 4.28672252936e-12
911 4.28672252936e-12
912 4.28672252936e-12
913 4.28672252936e-12
914 4.28672252936e-12
915 4.28672252936e-12
916 4.28672252936e-12
917 4.28672252936e-12
918 4.28672252936e-12
919 4.28672252936e-12
920 4.28672252936e-12
921 4.28672252936e-12
922 4.28672252936e-12
923 4.28672252936e-12
924 3.32558150541e-13
925 3.32558150541e-13
926 3.32558150541e-13
927 3.32558150541e-13
928 3.32558150541e-13
929 3.32558150541e-13
930 3.32558150541e-13
931 3.32558150541e-13
932 3.32558150541e-13
933 3.32558150541e-13
934 3.32558150541e-13
935 3.32558150541e-13
936 3.32558150541e-13
937 3.32558150541e-13
938 3.32558150541e-13
939 3.32558150541e-13
940 3.32558150541e-13
941 3.32558150541e-13
942 3.32558150541e-13
943 3.32558150541e-13
944 3.32558150541e-13
945 3.32558150541e-13
946 3.32558150541e-13
947 3.32558150541e-13
948 3.32558150541e-13
949 3.32558150541e-13
950 3.32558150541e-13
951 3.32558150541e-13
952 3.32558150541e-13
953 3.32558150541e-13
954 3.32558150541e-13
955 3.32558150541e-13
956 3.32558150541e-13
957 3.32558150541e-13
958 3.32558150541e-13
959 3.32558150541e-13
960 3.32558150541e-13
961 3.32558150541e-13
962 3.32558150541e-13
963 3.32558150541e-13
964 3.32558150541e-13
965 3.32558150541e-13
966 3.32558150541e-13
967 3.32558150541e-13
968 3.32558150541e-13
969 3.32558150541e-13
970 3.32558150541e-13
971 3.32558150541e-13
972 3.32558150541e-13
973 3.32558150541e-13
974 3.32558150541e-13
975 3.32558150541e-13
976 3.32558150541e-13
977 3.32558150541e-13
978 3.32558150541e-13
979 3.32558150541e-13
980 3.32558150541e-13
981 3.32558150541e-13
982 3.32558150541e-13
983 3.32558150541e-13
984 3.32558150541e-13
985 3.32558150541e-13
986 3.32558150541e-13
987 3.32558150541e-13
988 3.32558150541e-13
989 3.32558150541e-13
990 3.32558150541e-13
991 3.32558150541e-13
992 3.32558150541e-13
993 3.32558150541e-13
994 3.32558150541e-13
995 3.32558150541e-13
996 3.32558150541e-13
997 3.32558150541e-13
998 3.32558150541e-13
999 3.32558150541e-13
1000 3.32558150541e-13
1001 3.32558150541e-13
1002 3.32558150541e-13
1003 3.32558150541e-13
1004 3.32558150541e-13
1005 3.32558150541e-13
1006 3.32558150541e-13
1007 3.32558150541e-13
1008 3.32558150541e-13
1009 3.32558150541e-13
1010 3.32558150541e-13
1011 3.32558150541e-13
1012 2.28887230038e-14
1013 2.28887230038e-14
1014 2.28887230038e-14
1015 2.28887230038e-14
1016 2.28887230038e-14
1017 2.28887230038e-14
1018 2.28887230038e-14
1019 2.28887230038e-14
1020 2.28887230038e-14
1021 2.28887230038e-14
1022 2.28887230038e-14
1023 2.28887230038e-14
1024 2.28887230038e-14
1025 2.28887230038e-14
1026 2.28887230038e-14
1027 2.28887230038e-14
1028 2.28887230038e-14
1029 2.28887230038e-14
1030 2.28887230038e-14
1031 2.28887230038e-14
1032 2.28887230038e-14
1033 2.28887230038e-14
1034 2.28887230038e-14
1035 2.28887230038e-14
1036 2.28887230038e-14
1037 2.28887230038e-14
1038 2.28887230038e-14
1039 2.28887230038e-14
1040 2.28887230038e-14
1041 2.28887230038e-14
1042 2.28887230038e-14
1043 2.28887230038e-14
1044 2.28887230038e-14
1045 2.28887230038e-14
1046 2.28887230038e-14
1047 2.28887230038e-14
1048 2.28887230038e-14
1049 2.28887230038e-14
1050 2.28887230038e-14
1051 2.28887230038e-14
1052 2.28887230038e-14
1053 2.28887230038e-14
1054 2.28887230038e-14
1055 2.28887230038e-14
1056 2.28887230038e-14
1057 2.28887230038e-14
1058 2.28887230038e-14
1059 2.28887230038e-14
1060 2.28887230038e-14
1061 2.28887230038e-14
1062 2.28887230038e-14
1063 2.28887230038e-14
1064 2.28887230038e-14
1065 2.28887230038e-14
1066 2.28887230038e-14
1067 2.28887230038e-14
1068 2.28887230038e-14
1069 2.28887230038e-14
1070 2.28887230038e-14
1071 2.28887230038e-14
1072 2.28887230038e-14
1073 2.28887230038e-14
1074 2.28887230038e-14
1075 2.28887230038e-14
1076 2.28887230038e-14
1077 2.28887230038e-14
1078 2.28887230038e-14
1079 2.28887230038e-14
1080 2.28887230038e-14
1081 2.28887230038e-14
1082 2.28887230038e-14
1083 2.28887230038e-14
1084 2.28887230038e-14
1085 2.28887230038e-14
1086 2.28887230038e-14
1087 2.28887230038e-14
1088 2.28887230038e-14
1089 2.28887230038e-14
1090 2.28887230038e-14
1091 2.28887230038e-14
1092 2.28887230038e-14
1093 2.28887230038e-14
1094 2.28887230038e-14
1095 2.28887230038e-14
1096 2.28887230038e-14
1097 2.28887230038e-14
1098 2.28887230038e-14
1099 2.28887230038e-14
1100 2.28887230038e-14
1101 2.28887230038e-14
1102 2.28887230038e-14
1103 2.28887230038e-14
1104 1.3974603395e-15
1105 1.3974603395e-15
1106 1.3974603395e-15
1107 1.3974603395e-15
1108 1.3974603395e-15
1109 1.3974603395e-15
1110 1.3974603395e-15
1111 1.3974603395e-15
1112 1.3974603395e-15
1113 1.3974603395e-15
1114 1.3974603395e-15
1115 1.3974603395e-15
1116 1.3974603395e-15
1117 1.3974603395e-15
1118 1.3974603395e-15
1119 1.3974603395e-15
1120 1.3974603395e-15
1121 1.3974603395e-15
1122 1.3974603395e-15
1123 1.3974603395e-15
1124 1.3974603395e-15
1125 1.3974603395e-15
1126 1.3974603395e-15
1127 1.3974603395e-15
1128 1.3974603395e-15
1129 1.3974603395e-15
1130 1.3974603395e-15
1131 1.3974603395e-15
1132 1.3974603395e-15
1133 1.3974603395e-15
1134 1.3974603395e-15
1135 1.3974603395e-15
1136 1.3974603395e-15
1137 1.3974603395e-15
1138 1.3974603395e-15
1139 1.3974603395e-15
1140 1.3974603395e-15
1141 1.3974603395e-15
1142 1.3974603395e-15
1143 1.3974603395e-15
1144 1.3974603395e-15
1145 1.3974603395e-15
1146 1.3974603395e-15
1147 1.3974603395e-15
1148 1.3974603395e-15
1149 1.3974603395e-15
1150 1.3974603395e-15
1151 1.3974603395e-15
1152 1.3974603395e-15
1153 1.3974603395e-15
1154 1.3974603395e-15
1155 1.3974603395e-15
1156 1.3974603395e-15
1157 1.3974603395e-15
1158 1.3974603395e-15
1159 1.3974603395e-15
1160 1.3974603395e-15
1161 1.3974603395e-15
1162 1.3974603395e-15
1163 1.3974603395e-15
1164 1.3974603395e-15
1165 1.3974603395e-15
1166 1.3974603395e-15
1167 1.3974603395e-15
1168 1.3974603395e-15
1169 1.3974603395e-15
1170 1.3974603395e-15
1171 1.3974603395e-15
1172 1.3974603395e-15
1173 1.3974603395e-15
1174 1.3974603395e-15
1175 1.3974603395e-15
1176 1.3974603395e-15
1177 1.3974603395e-15
1178 1.3974603395e-15
1179 1.3974603395e-15
1180 1.3974603395e-15
1181 1.3974603395e-15
1182 1.3974603395e-15
1183 1.3974603395e-15
1184 1.3974603395e-15
1185 1.3974603395e-15
1186 1.3974603395e-15
1187 1.3974603395e-15
1188 1.3974603395e-15
1189 1.3974603395e-15
1190 1.3974603395e-15
1191 1.3974603395e-15
1192 1.3974603395e-15
1193 1.3974603395e-15
1194 1.3974603395e-15
1195 1.3974603395e-15
1196 1.3974603395e-15
1197 1.3974603395e-15
1198 1.3974603395e-15
1199 1.3974603395e-15
1200 7.56783073493e-17
1201 7.56783073493e-17
1202 7.56783073493e-17
1203 7.56783073493e-17
1204 7.56783073493e-17
1205 7.56783073493e-17
1206 7.56783073493e-17
1207 7.56783073493e-17
1208 7.56783073493e-17
1209 7.56783073493e-17
1210 7.56783073493e-17
1211 7.56783073493e-17
1212 7.56783073493e-17
1213 7.56783073493e-17
1214 7.56783073493e-17
1215 7.56783073493e-17
1216 7.56783073493e-17
1217 7.56783073493e-17
1218 7.56783073493e-17
1219 7.56783073493e-17
1220 7.56783073493e-17
1221 7.56783073493e-17
1222 7.56783073493e-17
1223 7.56783073493e-17
1224 7.56783073493e-17
1225 7.56783073493e-17
1226 7.56783073493e-17
1227 7.56783073493e-17
1228 7.56783073493e-17
1229 7.56783073493e-17
1230 7.56783073493e-17
1231 7.56783073493e-17
1232 7.56783073493e-17
1233 7.56783073493e-17
1234 7.56783073493e-17
1235 7.56783073493e-17
1236 7.56783073493e-17
1237 7.56783073493e-17
1238 7.56783073493e-17
1239 7.56783073493e-17
1240 7.56783073493e-17
1241 7.56783073493e-17
1242 7.56783073493e-17
1243 7.56783073493e-17
1244 7.56783073493e-17
1245 7.56783073493e-17
1246 7.56783073493e-17
1247 7.56783073493e-17
1248 7.56783073493e-17
1249 7.56783073493e-17
1250 7.56783073493e-17
1251 7.56783073493e-17
1252 7.56783073493e-17
1253 7.56783073493e-17
1254 7.56783073493e-17
1255 7.56783073493e-17
1256 7.56783073493e-17
1257 7.56783073493e-17
1258 7.56783073493e-17
1259 7.56783073493e-17
1260 7.56783073493e-17
1261 7.56783073493e-17
1262 7.56783073493e-17
1263 7.56783073493e-17
1264 7.56783073493e-17
1265 7.56783073493e-17
1266 7.56783073493e-17
1267 7.56783073493e-17
1268 7.56783073493e-17
1269 7.56783073493e-17
1270 7.56783073493e-17
1271 7.56783073493e-17
1272 7.56783073493e-17
1273 7.56783073493e-17
1274 7.56783073493e-17
1275 7.56783073493e-17
1276 7.56783073493e-17
1277 7.56783073493e-17
1278 7.56783073493e-17
1279 7.56783073493e-17
1280 7.56783073493e-17
1281 7.56783073493e-17
1282 7.56783073493e-17
1283 7.56783073493e-17
1284 7.56783073493e-17
1285 7.56783073493e-17
1286 7.56783073493e-17
1287 7.56783073493e-17
1288 7.56783073493e-17
1289 7.56783073493e-17
1290 7.56783073493e-17
1291 7.56783073493e-17
1292 7.56783073493e-17
1293 7.56783073493e-17
1294 7.56783073493e-17
1295 7.56783073493e-17
1296 7.56783073493e-17
1297 7.56783073493e-17
1298 7.56783073493e-17
1299 7.56783073493e-17
1300 3.63467140842e-18
1301 3.63467140842e-18
1302 3.63467140842e-18
1303 3.63467140842e-18
1304 3.63467140842e-18
1305 3.63467140842e-18
1306 3.63467140842e-18
1307 3.63467140842e-18
1308 3.63467140842e-18
1309 3.63467140842e-18
1310 3.63467140842e-18
1311 3.63467140842e-18
1312 3.63467140842e-18
1313 3.63467140842e-18
1314 3.63467140842e-18
1315 3.63467140842e-18
1316 3.63467140842e-18
1317 3.63467140842e-18
1318 3.63467140842e-18
1319 3.63467140842e-18
1320 3.63467140842e-18
1321 3.63467140842e-18
1322 3.63467140842e-18
1323 3.63467140842e-18
1324 3.63467140842e-18
1325 3.63467140842e-18
1326 3.63467140842e-18
1327 3.63467140842e-18
1328 3.63467140842e-18
1329 3.63467140842e-18
1330 3.63467140842e-18
1331 3.63467140842e-18
1332 3.63467140842e-18
1333 3.63467140842e-18
1334 3.63467140842e-18
1335 3.63467140842e-18
1336 3.63467140842e-18
1337 3.63467140842e-18
1338 3.63467140842e-18
1339 3.63467140842e-18
1340 3.63467140842e-18
1341 3.63467140842e-18
1342 3.63467140842e-18
1343 3.63467140842e-18
1344 3.63467140842e-18
1345 3.63467140842e-18
1346 3.63467140842e-18
1347 3.63467140842e-18
1348 3.63467140842e-18
1349 3.63467140842e-18
1350 3.63467140842e-18
1351 3.63467140842e-18
1352 3.63467140842e-18
1353 3.63467140842e-18
1354 3.63467140842e-18
1355 3.63467140842e-18
1356 3.63467140842e-18
1357 3.63467140842e-18
1358 3.63467140842e-18
1359 3.63467140842e-18
1360 3.63467140842e-18
1361 3.63467140842e-18
1362 3.63467140842e-18
1363 3.63467140842e-18
1364 3.63467140842e-18
1365 3.63467140842e-18
1366 3.63467140842e-18
1367 3.63467140842e-18
1368 3.63467140842e-18
1369 3.63467140842e-18
1370 3.63467140842e-18
1371 3.63467140842e-18
1372 3.63467140842e-18
1373 3.63467140842e-18
1374 3.63467140842e-18
1375 3.63467140842e-18
1376 3.63467140842e-18
1377 3.63467140842e-18
1378 3.63467140842e-18
1379 3.63467140842e-18
1380 3.63467140842e-18
1381 3.63467140842e-18
1382 3.63467140842e-18
1383 3.63467140842e-18
1384 3.63467140842e-18
1385 3.63467140842e-18
1386 3.63467140842e-18
1387 3.63467140842e-18
1388 3.63467140842e-18
1389 3.63467140842e-18
1390 3.63467140842e-18
1391 3.63467140842e-18
1392 3.63467140842e-18
1393 3.63467140842e-18
1394 3.63467140842e-18
1395 3.63467140842e-18
1396 3.63467140842e-18
1397 3.63467140842e-18
1398 3.63467140842e-18
1399 3.63467140842e-18
1400 3.63467140842e-18
1401 3.63467140842e-18
1402 3.63467140842e-18
1403 3.63467140842e-18
1404 1.54798360875e-19
1405 1.54798360875e-19
1406 1.54798360875e-19
1407 1.54798360875e-19
1408 1.54798360875e-19
1409 1.54798360875e-19
1410 1.54798360875e-19
1411 1.54798360875e-19
1412 1.54798360875e-19
1413 1.54798360875e-19
1414 1.54798360875e-19
1415 1.54798360875e-19
1416 1.54798360875e-19
1417 1.54798360875e-19
1418 1.54798360875e-19
1419 1.54798360875e-19
1420 1.54798360875e-19
1421 1.54798360875e-19
1422 1.54798360875e-19
1423 1.54798360875e-19
1424 1.54798360875e-19
1425 1.54798360875e-19
1426 1.54798360875e-19
1427 1.54798360875e-19
1428 1.54798360875e-19
1429 1.54798360875e-19
1430 1.54798360875e-19
1431 1.54798360875e-19
1432 1.54798360875e-19
1433 1.54798360875e-19
1434 1.54798360875e-19
1435 1.54798360875e-19
1436 1.54798360875e-19
1437 1.54798360875e-19
1438 1.54798360875e-19
1439 1.54798360875e-19
1440 1.54798360875e-19
1441 1.54798360875e-19
1442 1.54798360875e-19
1443 1.54798360875e-19
1444 1.54798360875e-19
1445 1.54798360875e-19
1446 1.54798360875e-19
1447 1.54798360875e-19
1448 1.54798360875e-19
1449 1.54798360875e-19
1450 1.54798360875e-19
1451 1.54798360875e-19
1452 1.54798360875e-19
1453 1.54798360875e-19
1454 1.54798360875e-19
1455 1.54798360875e-19
1456 1.54798360875e-19
1457 1.54798360875e-19
1458 1.54798360875e-19
1459 1.54798360875e-19
1460 1.54798360875e-19
1461 1.54798360875e-19
1462 1.54798360875e-19
1463 1.54798360875e-19
1464 1.54798360875e-19
1465 1.54798360875e-19
1466 1.54798360875e-19
1467 1.54798360875e-19
1468 1.54798360875e-19
1469 1.54798360875e-19
1470 1.54798360875e-19
1471 1.54798360875e-19
1472 1.54798360875e-19
1473 1.54798360875e-19
1474 1.54798360875e-19
1475 1.54798360875e-19
1476 1.54798360875e-19
1477 1.54798360875e-19
1478 1.54798360875e-19
1479 1.54798360875e-19
1480 1.54798360875e-19
1481 1.54798360875e-19
1482 1.54798360875e-19
1483 1.54798360875e-19
1484 1.54798360875e-19
1485 1.54798360875e-19
1486 1.54798360875e-19
1487 1.54798360875e-19
1488 1.54798360875e-19
1489 1.54798360875e-19
1490 1.54798360875e-19
1491 1.54798360875e-19
1492 1.54798360875e-19
1493 1.54798360875e-19
1494 1.54798360875e-19
1495 1.54798360875e-19
1496 1.54798360875e-19
1497 1.54798360875e-19
1498 1.54798360875e-19
1499 1.54798360875e-19
1500 1.54798360875e-19
1501 1.54798360875e-19
1502 1.54798360875e-19
1503 1.54798360875e-19
1504 1.54798360875e-19
1505 1.54798360875e-19
1506 1.54798360875e-19
1507 1.54798360875e-19
1508 1.54798360875e-19
1509 1.54798360875e-19
1510 1.54798360875e-19
1511 1.54798360875e-19
